a=-1;
b=0.1584;
c=0.5792;